function Table = T32()
Table = [1 - 2000 0 0 0 0 0 0
2001 - 2100 151 0 150 1 151 24
2101 - 2200 153 0 150 3 153 57
2201 - 2300 164 0 158 5 164 90
2301 - 2400 174 0 166 8 174 123
2401 - 2500 185 0 175 10 185 156
2501 - 2600 195 0 183 12 195 189
2601 - 2700 206 0 191 14 222 222
2701 - 2800 216 0 200 16 255 255
2801 - 2900 218 0 200 18 288 288
2901 - 3000 229 0 208 21 321 321
3001 - 3100 239 0 216 23 354 354
3101 - 3200 250 0 225 25 387 387
3201 - 3300 260 0 233 27 420 420
3301 - 3400 271 0 241 29 453 453
3401 - 3500 273 0 241 31 486 486
3501 - 3600 284 0 250 34 519 519
3601 - 3700 294 0 258 36 552 552
3701 - 3800 305 0 266 38 585 585
3801 - 3900 315 0 275 40 618 618
3901 - 4000 325 0 283 42 651 651
4001 - 4100 328 0 283 44 684 684
4101 - 4200 338 0 291 46 717 717
4201 - 4300 349 0 300 49 750 750
4301 - 4400 359 0 308 62 783 783
4401 - 4500 370 0 316 84 816 816
4501 - 4600 380 0 325 107 849 849
4601 - 4700 382 0 325 129 882 882
4701 - 4800 392 0 333 152 910 910
4801 - 4900 403 0 341 174 937 937
4901 - 5000 413 0 350 196 965 965
5001 - 5100 423 0 358 218 989 989
5101 - 5200 433 0 366 240 1017 1017
5201 - 5300 443 0 375 262 1042 1042
5301 - 5400 445 21 376 284 1069 1069
5401 - 5500 455 46 386 306 1097 1097
5501 - 5600 465 71 396 328 1121 1121
5601 - 5700 475 96 406 349 1148 1148
5701 - 5800 485 120 416 371 1172 1172
5801 - 5900 495 145 426 392 1199 1199
5901 - 6000 497 170 427 414 1226 1226
6001 - 6100 507 195 437 435 1250 1250
6101 - 6200 517 219 447 457 1277 1277
6201 - 6300 527 241 457 478 1301 1301
6301 - 6400 537 266 467 499 1328 1328
6401 - 6500 547 291 477 521 1355 1355
6501 - 6600 549 316 479 542 1379 1379
6601 - 6700 559 340 488 564 1406 1406
6701 - 6800 569 365 498 585 1430 1430
6801 - 6900 579 390 508 607 1457 1457
6901 - 7000 590 415 518 628 1484 1484
7001 - 7100 610 439 528 650 1508 1508
7101 - 7200 630 464 530 671 1535 1535
7201 - 7300 650 489 540 693 1559 1559
7301 - 7400 670 514 550 714 1586 1586
7401 - 7500 690 536 560 736 1613 1613
7501 - 7600 710 560 570 757 1637 1637
7601 - 7700 730 585 580 779 1664 1664
7701 - 7800 750 610 589 800 1688 1688
7801 - 7900 770 635 591 821 1715 1715
7901 - 8000 790 659 601 843 1742 1742
8001 - 8100 810 684 611 864 1766 1766
8101 - 8200 830 709 621 886 1793 1793
8201 - 8300 850 734 631 907 1817 1817
8301 - 8400 870 758 641 929 1844 1844
8401 - 8500 890 783 642 950 1871 1871
8501 - 8600 910 808 652 972 1895 1895
8601 - 8700 930 830 662 993 1922 1922
8701 - 8800 950 855 672 1015 1946 1946
8801 - 8900 970 879 682 1036 1973 1973
8901 - 9000 990 904 692 1058 2000 2000
9001 - 9100 1010 929 694 1079 2024 2024
9101 - 9200 1030 954 704 1101 2051 2051
9201 - 9300 1050 978 714 1122 2075 2075
9301 - 9400 1070 995 723 1143 2102 2102
9401 - 9500 1090 1017 733 1165 2129 2129
9501 - 9600 1110 1036 742 1186 2153 2153
9601 - 9700 1130 1055 744 1208 2180 2180
9701 - 9800 1150 1075 753 1229 2204 2204
9801 - 9900 1170 1097 763 1251 2231 2231
9901 - 10000 1190 1116 773 1272 2258 2258
10001 - 10100 1210 1134 782 1294 2282 2282
10101 - 10200 1231 1153 792 1315 2309 2309
10201 - 10300 1250 1175 802 1337 2333 2333
10301 - 10400 1271 1194 803 1358 2360 2360
10401 - 10500 1291 1212 812 1380 2387 2387
10501 - 10600 1311 1231 822 1401 2411 2411
10601 - 10700 1331 1253 832 1423 2438 2438
10701 - 10800 1351 1271 841 1444 2462 2462
10801 - 10900 1371 1290 851 1465 2489 2489
10901 - 11000 1391 1309 852 1487 2516 2516
11001 - 11100 1411 1331 862 1508 2540 2540
11101 - 11200 1431 1349 872 1530 2567 2567
11201 - 11300 1451 1368 881 1551 2591 2591
11301 - 11400 1471 1390 891 1573 2618 2618
11401 - 11500 1491 1409 901 1594 2645 2645
11501 - 11600 1511 1427 902 1616 2669 2669
11601 - 11700 1531 1446 911 1637 2696 2696
11701 - 11800 1551 1468 921 1659 2720 2720
11801 - 11900 1571 1486 931 1680 2747 2747
11901 - 12000 1591 1505 940 1702 2774 2774
12001 - 12100 1611 1524 950 1723 2798 2798
12101 - 12200 1631 1546 951 1745 2825 2825
12201 - 12300 1651 1564 961 1766 2849 2849
12301 - 12400 1671 1583 971 1787 2876 2876
12401 - 12500 1691 1602 980 1809 2903 2903
12501 - 12600 1711 1624 990 1830 2927 2927
12601 - 12700 1731 1642 1000 1852 2954 2954
12701 - 12800 1751 1661 1009 1873 2978 2978
12801 - 12900 1771 1680 1010 1895 3005 3005
12901 - 13000 1791 1701 1020 1916 3029 3029
13001 - 13100 1811 1720 1030 1938 3061 3061
13101 - 13200 1832 1739 1039 1960 3094 3094
13201 - 13300 1852 1761 1049 1981 3126 3126
13301 - 13400 1872 1779 1059 2003 3158 3158
13401 - 13500 1893 1798 1060 2025 3190 3190
13501 - 13600 1913 1817 1070 2047 3223 3223
13601 - 13700 1933 1839 1079 2068 3255 3255
13701 - 13800 1953 1857 1089 2090 3287 3287
13801 - 13900 1973 1876 1099 2111 3319 3319
13901 - 14000 1992 1895 1108 2132 3350 3350
14001 - 14100 2012 1916 1110 2153 3381 3381
14101 - 14200 2031 1935 1119 2174 3413 3413
14201 - 14300 2050 1954 1129 2194 3444 3444
14301 - 14400 2070 1973 1138 2215 3475 3475
14401 - 14500 2089 1994 1148 2236 3506 3506
14501 - 14600 2108 2013 1158 2257 3538 3538
14601 - 14700 2128 2032 1159 2277 3569 3569
14701 - 14800 2147 2051 1169 2298 3600 3600
14801 - 14900 2166 2072 1178 2319 3634 3634
14901 - 15000 2186 2091 1188 2340 3668 3668
15001 - 15100 2205 2110 1198 2360 3702 3702
15101 - 15200 2224 2129 1207 2381 3735 3735
15201 - 15300 2244 2150 1217 2402 3772 3772
15301 - 15400 2263 2169 1218 2423 3806 3806
15401 - 15500 2284 2191 1228 2446 3840 3840
15501 - 15600 2310 2217 1238 2473 3873 3873
15601 - 15700 2336 2244 1248 2501 3907 3907
15701 - 15800 2362 2271 1258 2528 3944 3944
15801 - 15900 2389 2298 1268 2555 3978 3978
15901 - 16000 2415 2325 1270 2583 4011 4011
16001 - 16100 2441 2352 1280 2610 4045 4045
16101 - 16200 2467 2379 1291 2637 4079 4079
16201 - 16300 2493 2406 1301 2665 4116 4116
16301 - 16400 2520 2432 1311 2692 4150 4150
16401 - 16500 2546 2459 1321 2719 4183 4183
16501 - 16600 2572 2486 1323 2747 4217 4217
16601 - 16700 2598 2513 1333 2774 4251 4251
16701 - 16800 2625 2540 1343 2802 4288 4288
16801 - 16900 2651 2567 1353 2829 4321 4321
16901 - 17000 2677 2594 1363 2856 4355 4355
17001 - 17100 2703 2618 1373 2884 4389 4389
17101 - 17200 2730 2645 1375 2911 4423 4423
17201 - 17300 2756 2672 1385 2938 4459 4459
17301 - 17400 2782 2699 1395 2966 4493 4493
17401 - 17500 2808 2725 1405 2993 4527 4527
17501 - 17600 2834 2752 1416 3020 4561 4561
17601 - 17700 2861 2779 1426 3048 4595 4595
17701 - 17800 2887 2806 1436 3075 4631 4631
17801 - 17900 2913 2833 1438 3102 4665 4665
17901 - 18000 2939 2860 1448 3130 4699 4699
18001 - 18100 2966 2887 1458 3157 4733 4733
18101 - 18200 2992 2914 1468 3184 4767 4767
18201 - 18300 3018 2940 1478 3212 4803 4803
18301 - 18400 3044 2967 1488 3239 4837 4837
18401 - 18500 3070 2994 1490 3266 4871 4871
18501 - 18600 3097 3021 1500 3294 4905 4905
18601 - 18700 3123 3048 1510 3321 4939 4939
18701 - 18800 3149 3075 1520 3348 4975 4975
18801 - 18900 3175 3102 1531 3376 5009 5009
18901 - 19000 3202 3129 1541 3403 5043 5043
19001 - 19100 3228 3155 1543 3430 5077 5077
19101 - 19200 3254 3182 1553 3458 5110 5110
19201 - 19300 3280 3209 1563 3485 5147 5147
19301 - 19400 3306 3236 1573 3512 5181 5181
19401 - 19500 3333 3263 1583 3540 5215 5215
19501 - 19600 3359 3290 1593 3567 5248 5248
19601 - 19700 3385 3316 1595 3594 5282 5282
19701 - 19800 3411 3342 1604 3622 5319 5319
19801 - 19900 3438 3368 1613 3649 5353 5353
19901 - 20000 3464 3394 1622 3676 5386 5386
20001 - 20200 3516 3446 1641 3731 5454 5454
20201 - 20400 3569 3496 1651 3786 5525 5525
20401 - 20600 3621 3548 1670 3841 5592 5592
20601 - 20800 3674 3600 1688 3895 5663 5663
20801 - 21000 3726 3652 1699 3950 5730 5730
21001 - 21200 3778 3704 1717 4005 5798 5798
21201 - 21400 3831 3756 1736 4059 5868 5868
21401 - 21600 3883 3808 1746 4114 5936 5936
21601 - 21800 3936 3860 1765 4169 6006 6006
21801 - 22000 3988 3913 1783 4223 6074 6074
22001 - 22200 4041 3965 1794 4278 6142 6142
22201 - 22400 4093 4017 1812 4333 6212 6212
22401 - 22600 4146 4069 1831 4387 6280 6280
22601 - 22800 4198 4121 1849 4442 6350 6350
22801 - 23000 4251 4173 1860 4498 6419 6419
