function Table = T33()
Table = [1 - 2000 0 0 0 0 0 0
2001 - 2100 151 0 150 1 151 25
2101 - 2200 153 0 150 3 153 59
2201 - 2300 164 0 158 5 164 93
2301 - 2400 174 0 166 8 174 127
2401 - 2500 185 0 175 10 185 161
2501 - 2600 195 0 183 12 195 195
2601 - 2700 206 0 191 14 229 229
2701 - 2800 216 0 200 16 263 263
2801 - 2900 218 0 200 18 297 297
2901 - 3000 229 0 208 21 331 331
3001 - 3100 239 0 216 23 365 365
3101 - 3200 250 0 225 25 399 399
3201 - 3300 260 0 233 27 433 433
3301 - 3400 271 0 241 29 467 467
3401 - 3500 273 0 241 31 501 501
3501 - 3600 284 0 250 34 535 535
3601 - 3700 294 0 258 36 569 569
3701 - 3800 305 0 266 38 603 603
3801 - 3900 315 0 275 40 637 637
3901 - 4000 325 0 283 42 671 671
4001 - 4100 328 0 283 44 705 705
4101 - 4200 338 0 291 46 739 739
4201 - 4300 349 0 300 49 773 773
4301 - 4400 359 0 308 62 807 807
4401 - 4500 370 0 316 85 841 841
4501 - 4600 380 0 325 109 875 875
4601 - 4700 382 0 325 132 909 909
4701 - 4800 392 0 333 155 937 937
4801 - 4900 403 0 341 177 966 966
4901 - 5000 413 0 350 200 994 994
5001 - 5100 423 0 358 223 1019 1019
5101 - 5200 433 0 366 246 1048 1048
5201 - 5300 443 0 375 268 1073 1073
5301 - 5400 445 22 376 291 1102 1102
5401 - 5500 455 48 386 314 1130 1130
5501 - 5600 465 73 396 336 1155 1155
5601 - 5700 475 99 406 358 1183 1183
5701 - 5800 485 124 416 380 1208 1208
5801 - 5900 495 150 426 402 1235 1235
5901 - 6000 497 175 427 425 1263 1263
6001 - 6100 507 201 437 447 1288 1288
6101 - 6200 517 226 447 469 1316 1316
6201 - 6300 527 249 457 491 1341 1341
6301 - 6400 537 274 467 513 1368 1368
6401 - 6500 547 300 477 535 1396 1396
6501 - 6600 549 325 479 557 1421 1421
6601 - 6700 559 351 488 579 1449 1449
6701 - 6800 569 376 498 601 1474 1474
6801 - 6900 585 402 508 624 1501 1501
6901 - 7000 606 427 518 646 1529 1529
7001 - 7100 627 453 528 668 1554 1554
7101 - 7200 647 478 530 690 1582 1582
7201 - 7300 668 504 540 712 1607 1607
7301 - 7400 689 529 550 734 1634 1634
7401 - 7500 709 552 560 756 1662 1662
7501 - 7600 730 577 570 779 1687 1687
7601 - 7700 751 603 580 801 1715 1715
7701 - 7800 771 628 589 823 1740 1740
7801 - 7900 792 654 591 845 1767 1767
7901 - 8000 812 679 601 867 1795 1795
8001 - 8100 833 705 611 889 1820 1820
8101 - 8200 854 730 621 911 1848 1848
8201 - 8300 874 756 631 933 1873 1873
8301 - 8400 895 781 641 956 1900 1900
8401 - 8500 916 807 642 978 1928 1928
8501 - 8600 936 832 652 1000 1953 1953
8601 - 8700 957 855 662 1022 1981 1981
8701 - 8800 977 881 672 1044 2006 2006
8801 - 8900 998 906 682 1066 2033 2033
8901 - 9000 1019 932 692 1088 2061 2061
9001 - 9100 1039 957 694 1110 2086 2086
9101 - 9200 1060 983 704 1133 2114 2114
9201 - 9300 1081 1008 714 1155 2139 2139
9301 - 9400 1101 1025 723 1177 2166 2166
9401 - 9500 1122 1048 733 1199 2194 2194
9501 - 9600 1143 1068 742 1221 2219 2219
9601 - 9700 1163 1087 744 1243 2247 2247
9701 - 9800 1184 1107 753 1265 2272 2272
9801 - 9900 1204 1130 763 1287 2299 2299
9901 - 10000 1225 1149 773 1310 2327 2327
10001 - 10100 1246 1169 782 1332 2352 2352
10101 - 10200 1266 1188 792 1354 2380 2380
10201 - 10300 1287 1210 802 1376 2405 2405
10301 - 10400 1308 1230 803 1398 2432 2432
10401 - 10500 1328 1249 812 1420 2460 2460
10501 - 10600 1349 1269 822 1442 2485 2485
10601 - 10700 1370 1291 832 1464 2513 2513
10701 - 10800 1390 1310 841 1486 2538 2538
10801 - 10900 1411 1330 851 1509 2565 2565
10901 - 11000 1431 1349 852 1531 2593 2593
11001 - 11100 1452 1371 862 1553 2618 2618
11101 - 11200 1473 1391 872 1575 2646 2646
11201 - 11300 1493 1410 881 1597 2671 2671
11301 - 11400 1514 1432 891 1619 2698 2698
11401 - 11500 1535 1451 901 1642 2726 2726
11501 - 11600 1555 1471 902 1664 2751 2751
11601 - 11700 1576 1490 911 1686 2779 2779
11701 - 11800 1596 1512 921 1708 2804 2804
11801 - 11900 1617 1532 931 1730 2831 2831
11901 - 12000 1638 1551 940 1752 2859 2859
12001 - 12100 1658 1571 950 1774 2884 2884
12101 - 12200 1679 1593 951 1796 2912 2912
12201 - 12300 1700 1612 961 1818 2937 2937
12301 - 12400 1720 1632 971 1841 2964 2964
12401 - 12500 1741 1651 980 1863 2992 2992
12501 - 12600 1762 1673 990 1885 3017 3017
12601 - 12700 1782 1693 1000 1907 3045 3045
12701 - 12800 1803 1712 1009 1929 3070 3070
12801 - 12900 1823 1731 1010 1951 3097 3097
12901 - 13000 1844 1753 1020 1973 3122 3122
13001 - 13100 1865 1773 1030 1996 3156 3156
13101 - 13200 1886 1792 1039 2018 3189 3189
13201 - 13300 1907 1814 1049 2040 3222 3222
13301 - 13400 1928 1834 1059 2063 3255 3255
13401 - 13500 1949 1853 1060 2085 3289 3289
13501 - 13600 1970 1873 1070 2108 3322 3322
13601 - 13700 1990 1895 1079 2130 3355 3355
13701 - 13800 2011 1914 1089 2153 3388 3388
13801 - 13900 2032 1934 1099 2174 3421 3421
13901 - 14000 2052 1953 1108 2196 3453 3453
14001 - 14100 2072 1975 1110 2217 3486 3486
14101 - 14200 2091 1995 1119 2239 3518 3518
14201 - 14300 2111 2014 1129 2260 3550 3550
14301 - 14400 2131 2033 1138 2281 3582 3582
14401 - 14500 2151 2056 1148 2303 3614 3614
14501 - 14600 2171 2075 1158 2324 3647 3647
14601 - 14700 2191 2094 1159 2346 3679 3679
14701 - 14800 2211 2114 1169 2367 3711 3711
14801 - 14900 2231 2136 1178 2388 3746 3746
14901 - 15000 2251 2155 1188 2410 3781 3781
15001 - 15100 2271 2175 1198 2431 3816 3816
15101 - 15200 2291 2194 1207 2453 3851 3851
15201 - 15300 2311 2216 1217 2474 3889 3889
15301 - 15400 2331 2236 1218 2496 3924 3924
15401 - 15500 2352 2258 1228 2520 3958 3958
15501 - 15600 2379 2285 1238 2548 3993 3993
15601 - 15700 2406 2313 1248 2576 4028 4028
15701 - 15800 2433 2341 1258 2604 4066 4066
15801 - 15900 2460 2369 1268 2633 4101 4101
15901 - 16000 2487 2396 1270 2661 4136 4136
16001 - 16100 2514 2424 1280 2689 4171 4171
16101 - 16200 2542 2452 1291 2717 4206 4206
16201 - 16300 2569 2479 1301 2745 4243 4243
16301 - 16400 2596 2507 1311 2774 4278 4278
16401 - 16500 2623 2535 1321 2802 4313 4313
16501 - 16600 2650 2563 1323 2830 4348 4348
16601 - 16700 2677 2590 1333 2858 4383 4383
16701 - 16800 2704 2618 1343 2887 4421 4421
16801 - 16900 2731 2646 1353 2915 4456 4456
16901 - 17000 2758 2673 1363 2943 4491 4491
17001 - 17100 2785 2698 1373 2971 4526 4526
17101 - 17200 2812 2726 1375 2999 4561 4561
17201 - 17300 2839 2754 1385 3028 4598 4598
17301 - 17400 2866 2781 1395 3056 4633 4633
17401 - 17500 2893 2809 1405 3084 4668 4668
17501 - 17600 2920 2837 1416 3112 4703 4703
17601 - 17700 2947 2865 1426 3140 4738 4738
17701 - 17800 2975 2892 1436 3169 4775 4775
17801 - 17900 3002 2920 1438 3197 4810 4810
17901 - 18000 3029 2948 1448 3225 4845 4845
18001 - 18100 3056 2975 1458 3253 4880 4880
18101 - 18200 3083 3003 1468 3281 4915 4915
18201 - 18300 3110 3031 1478 3310 4953 4953
18301 - 18400 3137 3059 1488 3338 4988 4988
18401 - 18500 3164 3086 1490 3366 5023 5023
18501 - 18600 3191 3114 1500 3394 5058 5058
18601 - 18700 3218 3142 1510 3423 5093 5093
18701 - 18800 3245 3169 1520 3451 5130 5130
18801 - 18900 3272 3197 1531 3479 5165 5165
18901 - 19000 3299 3225 1541 3507 5200 5200
19001 - 19100 3326 3253 1543 3535 5235 5235
19101 - 19200 3353 3280 1553 3564 5270 5270
19201 - 19300 3380 3308 1563 3592 5308 5308
19301 - 19400 3407 3336 1573 3620 5343 5343
19401 - 19500 3435 3363 1583 3648 5377 5377
19501 - 19600 3462 3391 1593 3676 5412 5412
19601 - 19700 3489 3418 1595 3705 5447 5447
19701 - 19800 3516 3445 1604 3733 5485 5485
19801 - 19900 3543 3472 1613 3761 5520 5520
19901 - 20000 3570 3499 1622 3789 5555 5555
20001 - 20200 3624 3553 1641 3846 5625 5625
20201 - 20400 3678 3604 1651 3902 5697 5697
20401 - 20600 3732 3657 1670 3959 5767 5767
20601 - 20800 3786 3711 1688 4015 5840 5840
20801 - 21000 3840 3765 1699 4072 5910 5910
21001 - 21200 3895 3819 1717 4128 5979 5979
21201 - 21400 3949 3872 1736 4184 6052 6052
21401 - 21600 4003 3926 1746 4241 6122 6122
21601 - 21800 4057 3980 1765 4297 6194 6194
21801 - 22000 4111 4034 1783 4354 6264 6264
22001 - 22200 4165 4087 1794 4410 6334 6334
22201 - 22400 4219 4141 1812 4467 6407 6407
22401 - 22600 4273 4195 1831 4523 6477 6477
22601 - 22800 4327 4249 1849 4579 6549 6549
22801 - 23000 4383 4302 1860 4637 6620 6620
