function Table34 = T34()
Table34 = [1 - 2000 0 0 0 0 0 0
    2001 - 2100 151 0 150 1 151 26
    2101 - 2200 153 0 150 3 153 61
    2201 - 2300 164 0 158 5 164 96
    2301 - 2400 174 0 166 8 174 131
    2401 - 2500 185 0 175 10 185 166
    2501 - 2600 195 0 183 12 201 201
    2601 - 2700 206 0 191 14 236 236
    2701 - 2800 216 0 200 16 271 271
    2801 - 2900 218 0 200 18 306 306
    2901 - 3000 229 0 208 21 341 341
    3001 - 3100 239 0 216 23 376 376
    3101 - 3200 250 0 225 25 411 411
    3201 - 3300 260 0 233 27 446 446
    3301 - 3400 271 0 241 29 481 481
    3401 - 3500 273 0 241 31 516 516
    3501 - 3600 284 0 250 34 551 551
    3601 - 3700 294 0 258 36 586 586
    3701 - 3800 305 0 266 38 621 621
    3801 - 3900 315 0 275 40 656 656
    3901 - 4000 325 0 283 42 691 691
    4001 - 4100 328 0 283 44 726 726
    4101 - 4200 338 0 291 46 761 761
    4201 - 4300 349 0 300 49 796 796
    4301 - 4400 359 0 308 63 831 831
    4401 - 4500 370 0 316 86 866 866
    4501 - 4600 380 0 325 110 901 901
    4601 - 4700 382 0 325 134 936 936
    4701 - 4800 392 0 333 158 965 965
    4801 - 4900 403 0 341 181 994 994
    4901 - 5000 413 0 350 204 1023 1023
    5001 - 5100 423 0 358 228 1049 1049
    5101 - 5200 433 0 366 251 1079 1079
    5201 - 5300 443 0 375 274 1105 1105
    5301 - 5400 445 23 376 298 1134 1134
    5401 - 5500 455 49 386 321 1163 1163
    5501 - 5600 465 75 396 344 1189 1189
    5601 - 5700 475 102 406 367 1218 1218
    5701 - 5800 485 128 416 390 1243 1243
    5801 - 5900 495 154 426 413 1272 1272
    5901 - 6000 497 180 427 435 1300 1300
    6001 - 6100 507 207 437 458 1326 1326
    6101 - 6200 517 233 447 481 1355 1355
    6201 - 6300 527 256 457 504 1380 1380
    6301 - 6400 537 282 467 527 1409 1409
    6401 - 6500 547 309 477 549 1437 1437
    6501 - 6600 549 335 479 572 1463 1463
    6601 - 6700 559 361 488 595 1492 1492
    6701 - 6800 580 387 498 618 1517 1517
    6801 - 6900 601 414 508 640 1546 1546
    6901 - 7000 622 440 518 663 1574 1574
    7001 - 7100 644 466 528 686 1600 1600
    7101 - 7200 665 492 530 709 1629 1629
    7201 - 7300 686 519 540 732 1654 1654
    7301 - 7400 707 545 550 754 1683 1683
    7401 - 7500 729 568 560 777 1711 1711
    7501 - 7600 750 594 570 800 1737 1737
    7601 - 7700 771 621 580 823 1766 1766
    7701 - 7800 792 647 589 845 1791 1791
    7801 - 7900 814 673 591 868 1820 1820
    7901 - 8000 835 699 601 891 1848 1848
    8001 - 8100 856 726 611 914 1874 1874
    8101 - 8200 877 752 621 937 1903 1903
    8201 - 8300 899 778 631 959 1928 1928
    8301 - 8400 920 804 641 982 1957 1957
    8401 - 8500 941 831 642 1005 1985 1985
    8501 - 8600 962 857 652 1028 2011 2011
    8601 - 8700 984 880 662 1051 2040 2040
    8701 - 8800 1005 907 672 1073 2065 2065
    8801 - 8900 1026 933 682 1096 2094 2094
    8901 - 9000 1047 959 692 1119 2122 2122
    9001 - 9100 1068 985 694 1142 2148 2148
    9101 - 9200 1090 1012 704 1165 2177 2177
    9201 - 9300 1111 1038 714 1187 2202 2202
    9301 - 9400 1132 1055 723 1210 2231 2231
    9401 - 9500 1154 1079 733 1233 2259 2259
    9501 - 9600 1175 1099 742 1256 2285 2285
    9601 - 9700 1196 1119 744 1279 2314 2314
    9701 - 9800 1217 1140 753 1301 2339 2339
    9801 - 9900 1239 1163 763 1324 2368 2368
    9901 - 10000 1260 1183 773 1347 2396 2396
    10001 - 10100 1281 1203 782 1370 2422 2422
    10101 - 10200 1302 1223 792 1393 2451 2451
    10201 - 10300 1323 1246 802 1415 2476 2476
    10301 - 10400 1345 1266 803 1438 2505 2505
    10401 - 10500 1366 1286 812 1461 2533 2533
    10501 - 10600 1387 1306 822 1483 2559 2559
    10601 - 10700 1408 1329 832 1506 2588 2588
    10701 - 10800 1430 1349 841 1529 2613 2613
    10801 - 10900 1451 1369 851 1552 2642 2642
    10901 - 11000 1472 1389 852 1575 2670 2670
    11001 - 11100 1493 1412 862 1597 2696 2696
    11101 - 11200 1515 1432 872 1620 2725 2725
    11201 - 11300 1536 1452 881 1643 2750 2750
    11301 - 11400 1557 1474 891 1666 2779 2779
    11401 - 11500 1579 1494 901 1689 2807 2807
    11501 - 11600 1600 1514 902 1711 2833 2833
    11601 - 11700 1621 1534 911 1734 2862 2862
    11701 - 11800 1642 1557 921 1757 2887 2887
    11801 - 11900 1663 1577 931 1780 2916 2916
    11901 - 12000 1685 1597 940 1803 2944 2944
    12001 - 12100 1706 1617 950 1825 2970 2970
    12101 - 12200 1727 1640 951 1848 2999 2999
    12201 - 12300 1748 1660 961 1871 3024 3024
    12301 - 12400 1770 1680 971 1894 3053 3053
    12401 - 12500 1791 1700 980 1917 3081 3081
    12501 - 12600 1812 1723 990 1939 3107 3107
    12601 - 12700 1833 1743 1000 1962 3136 3136
    12701 - 12800 1855 1763 1009 1985 3161 3161
    12801 - 12900 1876 1783 1010 2008 3190 3190
    12901 - 13000 1897 1805 1020 2030 3215 3215
    13001 - 13100 1919 1825 1030 2053 3250 3250
    13101 - 13200 1940 1845 1039 2076 3284 3284
    13201 - 13300 1962 1868 1049 2100 3318 3318
    13301 - 13400 1983 1888 1059 2123 3352 3352
    13401 - 13500 2005 1908 1060 2146 3387 3387
    13501 - 13600 2026 1928 1070 2169 3421 3421
    13601 - 13700 2048 1951 1079 2192 3455 3455
    13701 - 13800 2069 1971 1089 2215 3489 3489
    13801 - 13900 2090 1991 1099 2237 3523 3523
    13901 - 14000 2111 2011 1108 2259 3556 3556
    14001 - 14100 2131 2034 1110 2282 3590 3590
    14101 - 14200 2152 2054 1119 2304 3623 3623
    14201 - 14300 2172 2074 1129 2326 3656 3656
    14301 - 14400 2193 2094 1138 2348 3689 3689
    14401 - 14500 2213 2117 1148 2370 3723 3723
    14501 - 14600 2234 2137 1158 2392 3756 3756
    14601 - 14700 2254 2157 1159 2414 3789 3789
    14701 - 14800 2275 2177 1169 2436 3822 3822
    14801 - 14900 2296 2199 1178 2458 3858 3858
    14901 - 15000 2316 2219 1188 2480 3894 3894
    15001 - 15100 2337 2239 1198 2502 3930 3930
    15101 - 15200 2357 2259 1207 2524 3966 3966
    15201 - 15300 2378 2282 1217 2547 4005 4005
    15301 - 15400 2398 2302 1218 2569 4041 4041
    15401 - 15500 2420 2325 1228 2593 4077 4077
    15501 - 15600 2448 2353 1238 2622 4113 4113
    15601 - 15700 2476 2382 1248 2651 4149 4149
    15701 - 15800 2504 2411 1258 2681 4188 4188
    15801 - 15900 2532 2439 1268 2710 4224 4224
    15901 - 16000 2560 2468 1270 2739 4260 4260
    16001 - 16100 2588 2496 1280 2768 4296 4296
    16101 - 16200 2616 2525 1291 2797 4332 4332
    16201 - 16300 2644 2553 1301 2826 4371 4371
    16301 - 16400 2672 2582 1311 2855 4407 4407
    16401 - 16500 2699 2610 1321 2884 4443 4443
    16501 - 16600 2727 2639 1323 2913 4479 4479
    16601 - 16700 2755 2667 1333 2942 4515 4515
    16701 - 16800 2783 2696 1343 2971 4554 4554
    16801 - 16900 2811 2725 1353 3001 4590 4590
    16901 - 17000 2839 2753 1363 3030 4626 4626
    17001 - 17100 2867 2779 1373 3059 4662 4662
    17101 - 17200 2895 2807 1375 3088 4698 4698
    17201 - 17300 2923 2836 1385 3117 4737 4737
    17301 - 17400 2951 2864 1395 3146 4773 4773
    17401 - 17500 2978 2893 1405 3175 4809 4809
    17501 - 17600 3006 2921 1416 3204 4845 4845
    17601 - 17700 3034 2950 1426 3233 4881 4881
    17701 - 17800 3062 2979 1436 3262 4920 4920
    17801 - 17900 3090 3007 1438 3291 4956 4956
    17901 - 18000 3118 3036 1448 3320 4992 4992
    18001 - 18100 3146 3064 1458 3350 5028 5028
    18101 - 18200 3174 3093 1468 3379 5064 5064
    18201 - 18300 3202 3121 1478 3408 5102 5102
    18301 - 18400 3229 3150 1488 3437 5139 5139
    18401 - 18500 3257 3178 1490 3466 5175 5175
    18501 - 18600 3285 3207 1500 3495 5211 5211
    18601 - 18700 3313 3236 1510 3524 5247 5247
    18701 - 18800 3341 3264 1520 3553 5285 5285
    18801 - 18900 3369 3293 1531 3582 5321 5321
    18901 - 19000 3397 3321 1541 3611 5357 5357
    19001 - 19100 3425 3350 1543 3640 5393 5393
    19101 - 19200 3453 3378 1553 3670 5429 5429
    19201 - 19300 3480 3407 1563 3699 5468 5468
    19301 - 19400 3508 3435 1573 3728 5504 5504
    19401 - 19500 3536 3464 1583 3757 5540 5540
    19501 - 19600 3564 3492 1593 3786 5576 5576
    19601 - 19700 3592 3520 1595 3815 5612 5612
    19701 - 19800 3620 3548 1604 3844 5651 5651
