function Table = T35()
Table = [1 - 2000 0 0 0 0 0 0
2001 - 2100 151 0 150 1 151 26
2101 - 2200 153 0 150 3 153 62
2201 - 2300 164 0 158 5 164 98
2301 - 2400 174 0 166 8 174 134
2401 - 2500 185 0 175 10 185 170
2501 - 2600 195 0 183 12 206 206
2601 - 2700 206 0 191 14 242 242
2701 - 2800 216 0 200 16 278 278
2801 - 2900 218 0 200 18 314 314
2901 - 3000 229 0 208 21 350 350
3001 - 3100 239 0 216 23 386 386
3101 - 3200 250 0 225 25 422 422
3201 - 3300 260 0 233 27 458 458
3301 - 3400 271 0 241 29 494 494
3401 - 3500 273 0 241 31 530 530
3501 - 3600 284 0 250 34 566 566
3601 - 3700 294 0 258 36 602 602
3701 - 3800 305 0 266 38 638 638
3801 - 3900 315 0 275 40 675 675
3901 - 4000 325 0 283 42 710 710
4001 - 4100 328 0 283 44 746 746
4101 - 4200 338 0 291 46 782 782
4201 - 4300 349 0 300 49 818 818
4301 - 4400 359 0 308 63 854 854
4401 - 4500 370 0 316 87 890 890
4501 - 4600 380 0 325 112 926 926
4601 - 4700 382 0 325 136 962 962
4701 - 4800 392 0 333 161 992 992
4801 - 4900 403 0 341 185 1022 1022
4901 - 5000 413 0 350 209 1052 1052
5001 - 5100 423 0 358 233 1079 1079
5101 - 5200 433 0 366 257 1109 1109
5201 - 5300 443 0 375 281 1136 1136
5301 - 5400 445 23 376 305 1166 1166
5401 - 5500 455 50 386 329 1196 1196
5501 - 5600 465 77 396 352 1223 1223
5601 - 5700 475 104 406 376 1252 1252
5701 - 5800 485 131 416 399 1279 1279
5801 - 5900 495 158 426 423 1308 1308
5901 - 6000 497 185 427 446 1338 1338
6001 - 6100 507 212 437 470 1364 1364
6101 - 6200 517 239 447 493 1393 1393
6201 - 6300 527 263 457 517 1420 1420
6301 - 6400 537 290 467 540 1449 1449
6401 - 6500 547 317 477 564 1479 1479
6501 - 6600 551 344 479 587 1505 1505
6601 - 6700 573 371 488 610 1534 1534
6701 - 6800 595 398 498 634 1561 1561
6801 - 6900 617 425 508 657 1590 1590
6901 - 7000 639 452 518 681 1620 1620
7001 - 7100 660 479 528 704 1646 1646
7101 - 7200 682 506 530 728 1675 1675
7201 - 7300 704 533 540 751 1702 1702
7301 - 7400 726 560 550 775 1731 1731
7401 - 7500 748 584 560 798 1761 1761
7501 - 7600 770 611 570 821 1787 1787
7601 - 7700 792 638 580 845 1816 1816
7701 - 7800 813 665 589 868 1843 1843
7801 - 7900 835 692 591 892 1872 1872
7901 - 8000 857 719 601 915 1902 1902
8001 - 8100 879 746 611 939 1928 1928
8101 - 8200 901 773 621 962 1957 1957
8201 - 8300 923 800 631 985 1984 1984
8301 - 8400 945 827 641 1009 2013 2013
8401 - 8500 967 854 642 1032 2043 2043
8501 - 8600 988 881 652 1056 2069 2069
8601 - 8700 1010 905 662 1079 2098 2098
8701 - 8800 1032 932 672 1103 2125 2125
8801 - 8900 1054 959 682 1126 2154 2154
8901 - 9000 1076 986 692 1150 2184 2184
9001 - 9100 1098 1013 694 1173 2210 2210
9101 - 9200 1120 1040 704 1197 2239 2239
9201 - 9300 1141 1067 714 1220 2266 2266
9301 - 9400 1163 1085 723 1243 2295 2295
9401 - 9500 1185 1109 733 1267 2325 2325
9501 - 9600 1207 1130 742 1290 2351 2351
9601 - 9700 1229 1151 744 1314 2380 2380
9701 - 9800 1251 1172 753 1337 2407 2407
9801 - 9900 1273 1196 763 1361 2436 2436
9901 - 10000 1294 1217 773 1384 2466 2466
10001 - 10100 1316 1238 782 1408 2492 2492
10101 - 10200 1338 1258 792 1431 2521 2521
10201 - 10300 1360 1282 802 1454 2548 2548
10301 - 10400 1382 1302 803 1478 2577 2577
10401 - 10500 1404 1323 812 1501 2607 2607
10501 - 10600 1425 1343 822 1525 2633 2633
10601 - 10700 1447 1367 832 1548 2662 2662
10701 - 10800 1469 1387 841 1572 2689 2689
10801 - 10900 1491 1408 851 1595 2718 2718
10901 - 11000 1513 1429 852 1619 2748 2748
11001 - 11100 1535 1452 862 1642 2774 2774
11101 - 11200 1557 1473 872 1666 2803 2803
11201 - 11300 1578 1493 881 1689 2830 2830
11301 - 11400 1600 1517 891 1712 2859 2859
11401 - 11500 1622 1537 901 1736 2889 2889
11501 - 11600 1644 1558 902 1759 2915 2915
11601 - 11700 1666 1578 911 1783 2944 2944
11701 - 11800 1688 1602 921 1806 2971 2971
11801 - 11900 1710 1622 931 1830 3000 3000
11901 - 12000 1732 1643 940 1853 3030 3030
12001 - 12100 1753 1664 950 1876 3056 3056
12101 - 12200 1775 1687 951 1900 3085 3085
12201 - 12300 1797 1708 961 1923 3112 3112
12301 - 12400 1819 1728 971 1947 3141 3141
12401 - 12500 1841 1749 980 1970 3171 3171
12501 - 12600 1863 1772 990 1994 3197 3197
12601 - 12700 1885 1793 1000 2017 3226 3226
12701 - 12800 1906 1813 1009 2041 3253 3253
12801 - 12900 1928 1834 1010 2064 3282 3282
12901 - 13000 1950 1857 1020 2087 3309 3309
13001 - 13100 1972 1878 1030 2111 3344 3344
13101 - 13200 1994 1899 1039 2135 3379 3379
13201 - 13300 2016 1922 1049 2159 3414 3414
13301 - 13400 2039 1943 1059 2182 3450 3450
13401 - 13500 2061 1963 1060 2206 3485 3485
13501 - 13600 2083 1984 1070 2230 3520 3520
13601 - 13700 2105 2007 1079 2254 3555 3555
13701 - 13800 2127 2028 1089 2277 3591 3591
13801 - 13900 2149 2048 1099 2300 3625 3625
13901 - 14000 2170 2069 1108 2323 3660 3660
14001 - 14100 2191 2092 1110 2346 3694 3694
14101 - 14200 2212 2113 1119 2369 3728 3728
14201 - 14300 2233 2134 1129 2391 3762 3762
14301 - 14400 2254 2154 1138 2414 3797 3797
14401 - 14500 2276 2178 1148 2437 3831 3831
14501 - 14600 2297 2198 1158 2459 3865 3865
14601 - 14700 2318 2219 1159 2482 3899 3899
14701 - 14800 2339 2239 1169 2505 3934 3934
14801 - 14900 2360 2263 1178 2528 3971 3971
14901 - 15000 2381 2283 1188 2550 4008 4008
15001 - 15100 2403 2304 1198 2573 4045 4045
15101 - 15200 2424 2325 1207 2596 4082 4082
15201 - 15300 2445 2348 1217 2619 4122 4122
15301 - 15400 2466 2369 1218 2642 4159 4159
15401 - 15500 2489 2392 1228 2667 4196 4196
15501 - 15600 2518 2421 1238 2697 4233 4233
15601 - 15700 2546 2451 1248 2727 4270 4270
15701 - 15800 2575 2480 1258 2757 4310 4310
15801 - 15900 2604 2510 1268 2787 4347 4347
15901 - 16000 2632 2539 1270 2817 4384 4384
16001 - 16100 2661 2568 1280 2847 4422 4422
16101 - 16200 2690 2598 1291 2877 4459 4459
16201 - 16300 2719 2627 1301 2907 4499 4499
16301 - 16400 2747 2656 1311 2937 4536 4536
16401 - 16500 2776 2686 1321 2967 4573 4573
16501 - 16600 2805 2715 1323 2997 4610 4610
16601 - 16700 2834 2745 1333 3026 4647 4647
16701 - 16800 2862 2774 1343 3056 4687 4687
16801 - 16900 2891 2803 1353 3086 4724 4724
16901 - 17000 2920 2833 1363 3116 4761 4761
17001 - 17100 2949 2859 1373 3146 4798 4798
17101 - 17200 2977 2889 1375 3176 4836 4836
17201 - 17300 3006 2918 1385 3206 4875 4875
17301 - 17400 3035 2947 1395 3236 4913 4913
17401 - 17500 3064 2977 1405 3266 4950 4950
17501 - 17600 3092 3006 1416 3296 4987 4987
17601 - 17700 3121 3036 1426 3326 5024 5024
17701 - 17800 3150 3065 1436 3356 5064 5064
17801 - 17900 3178 3094 1438 3386 5101 5101
17901 - 18000 3207 3124 1448 3416 5138 5138
18001 - 18100 3236 3153 1458 3446 5175 5175
18101 - 18200 3265 3182 1468 3476 5212 5212
18201 - 18300 3293 3212 1478 3506 5252 5252
18301 - 18400 3322 3241 1488 3536 5289 5289
18401 - 18500 3351 3270 1490 3566 5326 5326
18501 - 18600 3380 3300 1500 3596 5363 5363
18601 - 18700 3408 3329 1510 3626 5401 5401
18701 - 18800 3437 3359 1520 3656 5441 5441
18801 - 18900 3466 3388 1531 3686 5478 5478
18901 - 19000 3494 3417 1541 3716 5515 5515
19001 - 19100 3523 3447 1543 3746 5552 5552
19101 - 19200 3552 3476 1553 3775 5589 5589
19201 - 19300 3581 3505 1563 3805 5629 5629
19301 - 19400 3609 3535 1573 3835 5666 5666
19401 - 19500 3638 3564 1583 3865 5703 5703
19501 - 19600 3667 3594 1593 3895 5740 5740
19601 - 19700 3696 3623 1595 3925 5777 5777
19701 - 19800 3724 3651 1604 3955 5817 5817
19801 - 19900 3753 3680 1613 3985 5854 5854
19901 - 20000 3782 3708 1622 4015 5891 5891
20001 - 20200 3839 3765 1641 4075 5966 5966
20201 - 20400 3897 3819 1651 4135 6043 6043
20401 - 20600 3954 3876 1670 4195 6117 6117
20601 - 20800 4012 3934 1688 4255 6194 6194
20801 - 21000 4069 3991 1699 4315 6268 6268
21001 - 21200 4127 4048 1717 4375 6342 6342
21201 - 21400 4184 4105 1736 4435 6420 6420
21401 - 21600 4241 4162 1746 4494 6494 6494
21601 - 21800 4299 4219 1765 4554 6571 6571
21801 - 22000 4356 4276 1783 4614 6645 6645
22001 - 22200 4414 4333 1794 4674 6719 6719
22201 - 22400 4471 4390 1812 4734 6796 6796
22401 - 22600 4529 4447 1831 4794 6870 6870
22601 - 22800 4586 4504 1849 4854 6948 6948
